,日期,代號,名稱,開盤,最高,最低,當日成交量
0,20190510,3040,遠見,33.05,33.30,33.00,1
