,日期,代號,名稱,開盤,最高,最低,當日成交量
0,20181226,2454,聯發科,222.00,223.50,220.00,78
