,日期,代號,名稱,開盤,最高,最低,當日成交量
0,20181228,3708,上緯投控,69.50,71.40,69.00,71
