,日期,代號,名稱,開盤,最高,最低,當日成交量
0,20190318,3605,宏致,26.60,26.60,25.90,49
