,日期,代號,名稱,開盤,最高,最低,當日成交量
0,20190822,4562,穎漢,29.50,29.85,29.50,2
